0 12479.9 1080
0 14400 1080
25 10133.3 511.527
25 11138.5 1541.53
25 12833 655.527
25 12987 1535.53
25 14035.8 739.527
25 9095.82 1549.53
25 6132.79 687.551
25 8177.46 1411.5
25 7054.46 571.502
25 7380.46 1495.5
25 5446.79 767.502
25 4121.61 1507.5
25 3483.61 1651.5
25 2529.51 477.502
25 2233.42 719.502
25 456.629 1659.5
25 1547.64 525.502
25 8344.94 809.706
18 7630.75 788.269
15 5069.02 1743.5
17 5329.02 1549.5
15 7505.46 883.502
15 1743.17 1230.17
15 11487.1 1164.83
17 11534.2 1170.54
15 8277.7 1023.99
17 8323.42 1032.56
15 2065.48 1862.68
15 4880.52 1842.68
15 4640.52 1654.11
18 7251.84 1053.37
18 7295.77 1047.3
15 1697.46 1961.6
15 1976.42 1862.35
17 2019.76 1872.35
16 2320.72 1674.85
18 2603.09 1574.85
16 2278.22 1674.21
17 4078.23 654.08
16 4387.9 789.414
17 3844.9 114.08
15 3889.9 104.08
17 3933.23 114.08
17 3976.56 114.08
15 4021.56 105.747
17 4064.9 114.08
15 4108.23 104.08
15 4151.56 105.747
17 4193.23 115.747
17 4234.9 115.747
15 4279.9 105.747
15 4321.56 107.414
16 4074.58 1015.7
16 5063.43 2062.95
18 5017.1 2056.62
16 4968.43 2064.95
18 4923.09 2057.28
17 4896.43 1345.95
15 7505.57 308.146
17 7552.24 310.646
15 7600.58 306.479
15 7650.58 307.313
17 7825.51 650.408
18 7861.22 869.62
17 7257.79 1147.01
16 11186.5 699.47
15 11236.5 789.47
17 11874.5 681.47
15 11542.5 1401.47
16 11733.4 1313.47
18 13610.6 953.575
15 13792.3 871.91
17 13333.9 1148.57
16 13305.6 1053.57
18 13358.9 1045.24
15 13838.1 1452.74
16 13632.2 1253.57
17 13228.9 1585.24
15 13273.9 1576.91
16 13223.9 1495.24
15 13980.6 1260.24
17 13722.2 1653.57
18 13830.6 2043.57
16 14123.9 1915.24
19 806 1400
19 900 1400
19 1174 1190
19 566 1058
22 972 726
19 762 364
29 856 160
19 1478 894
19 1726 1186
19 1400 2020
19 1700 1920
19 1950 1820
19 2300 1720
19 2600 1620
19 2900 1520
19 3200 1420
19 2700 1120
19 3000 1020
19 3300 920
22 3307.19 656
19 3307.19 358
19 3410.02 358
19 4097.83 600
19 4091.27 1056.49
19 4389.27 834.494
19 4387.27 1300.49
19 4917.27 1296.49
7 4322.17 2000
19 6000 2020
19 6062.16 1500
19 6158.52 1500
19 6393.52 1500
22 6406.02 1270
19 7150 1055
19 6381.02 975
19 7275 1098.57
19 6378.52 722.5
19 6606.02 487.5
29 5600 160
11 7580 135
10 7580 235
19 7376.41 1500
20 7681.41 1649.56
20 8143.91 1797.06
7 7353.91 2650
19 7843.71 603.843
19 7862.28 918.486
19 8768.71 514.557
19 8500 1700
19 8800 1600
19 9704.88 1367.5
19 10067.7 1564.56
7 10190.2 2000
19 10447.7 1749.56
19 10777.7 1747.06
19 11412.7 1619.56
19 11517.7 1360
19 11417.7 1360
19 9827.69 874.557
19 10412.7 697.057
19 10575 420
11 11517.7 132.057
10 11517.7 237.057
19 10675 420
19 10982.7 544.557
19 11085.2 544.557
19 11207.7 744.557
19 11755.2 1359.56
22 11700 947.057
19 11752.7 629.557
19 11847.7 629.557
19 11953.2 1469.56
19 12163 1624.56
19 12815.5 1932.06
19 12700 1100
19 13020 1002.5
29 11771.1 130
19 13251.8 1537.06
19 13331.8 1097.06
19 13631.8 1004.56
19 13811 829.557
19 13606.8 1294.56
19 13814.3 1409.56
19 14001.8 1215
19 14299.3 1215
20 13511.5 1694.56
20 13762.4 1577.06
19 13900.8 2020
19 14100.3 1960.6
19 14250.9 1902.26
19 14394.6 1215
19 4657.01 1612.07
19 4900 1800
19 5921.53 1689.57
19 5400 1700
19 5350 1500
19 5800 1200
19 5050 1700
19 5029.03 1109.57
19 5600 1800
20 5084.03 637.074
20 5736.53 429.574
8 5800 1920
8 5200 1600
8 5650 1300
19 9230.28 784.42
19 9330.28 784.42
19 9130 784.42
19 9327.78 1604.42
19 8930 1280
8 9570.23 874.42
8 11295.2 1134.42
20 11530.2 1100
19 10755.2 1029.42
19 9030 1280
19 9130 1280
8 9311.89 1074.42
19 10775 420
19 10601.9 856.92
19 10505 559.42
20 11380 636.92
20 12340.6 1786.92
20 12595.6 1791.92
19 14204.9 1000.25
19 7194.7 1366.23
19 5862.67 891.023
19 7350 955
8 5933.03 1104.24
1 1237.02 1977.02
19 2040 1820
8 5500 1400
19 7028.57 1143.57
19 8063.84 999.706
24 8344.94 992.563
8 7963.08 1327.09
8 8640.22 1154.23
20 11680 1100
29 7914.32 160
33 11017.3 987.306
29 13313.1 152.872
32 11107.5 1047.87
19 7610 840
19 7520 840
19 4193.02 600
26 4173.02 526.269
26 3386.94 284.269
8 3194.94 464.269
24 4125.7 1689.5
24 5447.7 951.502
24 3489 1835.5
24 6132.79 869.551
24 2534.75 657.527
24 2236.75 901.527
24 1545.58 705.527
24 457.578 1843.53
24 7383.01 1679.53
24 9093.82 1739.53
24 11140.4 1725.53
24 12832.1 840.634
10 4841.96 200
11 4841.96 100
16 5052.25 1655.76
13 2050 1726
13 4072.83 508.494
13 5130.17 2004.49
13 7534 746.286
13 11530 1059.56
13 13814.3 1314.56
19 1492.2 2020
