0 12479.9 1080
0 14400 1080
18 7004.7 1176.23
18 7047.2 1168.73
15 1392.46 2061.6
15 1976.42 1862.35
17 2019.76 1872.35
16 2578.09 1577.35
18 2878.22 1469.21
16 3178.22 1379.21
17 4078.23 654.08
16 4129.9 557.414
17 3844.9 114.08
15 3889.9 104.08
17 3933.23 114.08
17 3976.56 114.08
15 4021.56 105.747
17 4064.9 114.08
15 4108.23 104.08
15 4151.56 105.747
17 4193.23 115.747
17 4234.9 115.747
15 4279.9 105.747
15 4321.56 107.414
16 4230.91 1617.7
16 4412.58 1257.7
16 4701.43 2070.95
18 4653.1 2062.62
16 4606.43 2070.95
18 4563.09 2059.28
17 4896.43 1345.95
15 7505.57 308.146
17 7552.24 310.646
15 7600.58 306.479
15 7650.58 307.313
17 8151.22 378.979
18 8461.22 593.906
17 7532.05 1036.41
17 7050.65 1261.3
16 11186.5 699.47
15 11236.5 789.47
17 11874.5 681.47
15 11542.5 1401.47
16 11733.4 1313.47
18 13610.6 953.575
15 13792.3 871.91
17 13333.9 1148.57
16 13305.6 1053.57
18 13358.9 1045.24
15 13838.1 1452.74
16 13632.2 1253.57
17 13228.9 1585.24
15 13273.9 1576.91
16 13223.9 1495.24
15 13980.6 1260.24
17 13722.2 1653.57
18 13830.6 2043.57
16 14123.9 1915.24
19 806 1400
19 900 1400
19 1174 1190
19 566 1058
22 972 726
19 762 364
29 856 160
19 1478 894
19 1726 1186
19 1400 2020
19 1700 1920
19 2000 1820
13 2305.78 1623.5
19 2300 1720
19 2600 1620
19 2900 1520
19 3200 1420
19 2700 1120
19 3000 1020
19 3300 920
22 3307.19 656
19 3307.19 358
19 3410.02 358
19 4097.83 600
13 4072.83 508.494
19 4091.27 1056.49
19 4630.77 337.5
19 4389.27 834.494
19 4659.27 1019.49
19 4387.27 1300.49
19 4917.27 1296.49
19 4205.27 1660.49
13 4758.17 2018.49
7 4322.17 2000
19 6000 2020
19 6062.16 1500
19 6158.52 1500
19 6393.52 1500
22 6406.02 1270
19 6606.02 1090
19 6381.02 975
19 6161.02 855
19 7028.52 1210
19 6378.52 722.5
19 6606.02 487.5
29 6598.52 160
11 7580 132.057
10 7580 236.223
19 7650 980
19 7550 980
19 7376.41 1500
20 7681.41 1649.56
20 8143.91 1797.06
7 7373.91 2000
19 8173.71 329.557
19 8483.71 647.057
19 8768.71 514.557
19 8500 1700
19 8800 1600
19 9704.88 1367.5
19 10067.7 1564.56
7 10190.2 2030
19 10447.7 1749.56
19 10777.7 1747.06
19 11122.7 1739.56
19 11412.7 1619.56
19 11517.7 1360
19 11417.7 1360
19 9827.69 874.557
19 10125 695
19 10412.7 697.057
19 10575 420
11 11517.7 132.057
10 11517.7 237.057
29 10717.7 130
19 10675 420
19 10982.7 544.557
19 11085.2 544.557
19 11207.7 744.557
19 11755.2 1359.56
22 11690.2 947.057
13 11560.2 1059.56
19 11752.7 629.557
19 11847.7 629.557
19 11953.2 1469.56
19 12163 1624.56
19 12815.5 1932.06
19 12700 1100
19 13020 1002.5
29 11771.1 130
19 13251.8 1537.06
19 13331.8 1097.06
19 13631.8 1004.56
19 13811 829.557
19 14007.6 830.39
19 13606.8 1294.56
19 13814.3 1409.56
19 14001.8 1215
19 14299.3 1215
13 13814.3 1314.56
20 13511.5 1694.56
20 13762.4 1577.06
19 13900.8 2020
19 14100.3 1960.6
19 14250.9 1902.26
19 14394.6 1215
13 7531.53 887.429
19 4657.01 1612.07
19 4900 1800
19 5921.53 1689.57
19 5400 1700
19 5404.03 1434.57
19 5746.53 1167.07
19 5100 1700
19 5029.03 1109.57
19 5600 1800
20 5084.03 637.074
20 5736.53 429.574
8 5800 1920
8 5250 1600
8 5568.14 1294.57
19 9230.28 784.42
19 9330.28 784.42
19 9130 784.42
19 9070.28 1824.42
19 9327.78 1604.42
19 8930 1280
19 10225 695
19 10025 695
8 9570.23 874.42
8 11295.2 1134.42
20 11530.2 1099.42
19 11120.2 1125
19 10755.2 1029.42
19 9030 1280
19 9130 1280
8 9311.89 1074.42
19 10775 420
19 10601.9 856.92
19 10931.9 1125
19 10505 559.42
19 11025 1125
20 11380 636.92
20 12340.6 1786.92
20 12595.6 1791.92
19 14204.9 1000.25
19 7194.7 1366.23
19 5886.96 1073.88
19 6024.46 961.376
8 6004.46 1141.38
1 575.505 1976.38
29 2353.06 184
29 2881.06 190
7 1489.31 2030
