0 12480 1080
34 7634 1298.63
34 9196.35 810.634
34 13135.2 1386.13
34 1451.62 1601.3
34 2705.98 1148.63
8 895 1790
20 740 1297.83
20 1080 1292.83
8 1250 1790
19 1450 1690
19 1650 1590
19 1950 1590
7 1980 2000
20 2710 1062.5
20 2270 750
20 2550 495
20 2570 1140.33
20 2720 1230
20 2870 1230
20 1950 1002.83
19 2150 1484
8 2350 1800
19 2342 1376
8 2550 1800
21 3186.43 1448.73
20 3532.79 1396.23
8 3613.86 753.729
8 3141.36 758.729
19 3760 1515
20 3156.36 2046.23
20 3296.36 1993.73
20 3436.36 1941.23
25 3388.86 691.229
19 4060 1515
19 4360 1515
19 4660 1515
19 3910 1070
19 4210 1070
19 4510 1070
7 4358.86 1998.73
25 5015 1326.23
24 5015 1493.73
1 715.498 1974.23
29 4171.36 160
31 5572.5 1288.25
28 4160.14 2090.75
28 5150.14 2085.75
20 5437.5 1523.25
30 5289.71 875.75
32 5661.21 1350.25
20 4894.69 663.037
8 5861.71 1567.4
8 6085 1710
8 6385 1710
8 6685 1710
7 5907.27 2000
25 6069.77 684.9
25 6402.27 1369.9
25 7019.77 1464.9
25 7394.45 505.9
25 8169.45 1394.9
25 8151.95 459.9
30 7301.06 1064.9
30 1462.13 1273.9
30 2703.32 750.4
24 7020.08 1647.4
9 7802.58 1399.9
9 7602.58 1399.9
26 7800.08 1299.9
26 7395.11 2024.78
7 7247.61 2000
19 6957.61 932.279
19 7057.61 932.279
24 7401.11 689.779
19 7917.61 727.279
20 7686.61 771.279
24 8152.61 642.279
8 7270 1759.78
8 7629 1749.78
8 7997.61 1747.28
30 9100.91 517.779
22 9048.41 847.279
22 8998.41 1033.28
22 8944.91 1214.28
8 8960.91 382.779
8 8495.91 722.279
25 9254.65 1627.28
24 9254.65 1814.78
8 9375.96 217.279
30 11048.5 1092.28
31 11156 622.279
33 11276 1642.28
8 11168.5 1809.78
8 11046 787.279
20 10443.5 347.279
20 9880.96 499.779
19 9783.46 1139.78
19 10001.5 2012.28
19 10288.5 797.279
19 10546 797.279
19 10813.5 789.779
25 10068.5 1419.78
24 10068.5 1604.78
27 9455.96 2042.28
19 10351 1714.78
19 10590.2 1777.28
19 10845.2 1774.78
32 11235.2 682.279
32 11357.7 1699.78
20 11322.7 1354.78
19 10120.2 914.779
19 9585.17 977.279
8 9717.67 1807.28
8 9877.67 1704.78
8 9580.17 1909.78
30 12988.5 790.279
21 11488.5 984.779
27 11031 2027.28
19 11028.5 1439.78
22 12985 1419.78
9 12885 1195
10 12885 1570
26 12991 1093.11
19 11930.4 1299.57
19 11738.4 1297.57
20 12447 777.589
20 12160.4 585.922
19 12687 669.255
19 12860.4 524.255
19 13097 524.255
9 13085 1195
10 13085 1570
8 13274.7 670.255
21 12153 1981.11
27 11953 2041.11
29 13209 175.106
29 11973 181.106
29 10168.1 183.106
29 7864.72 175.106
29 5822.19 167.106
29 1480.44 175.106
7 9837.7 1977.11
7 11171.7 1981.11
25 8904.56 1431.59
24 8904.56 1615.59
8 9253.3 410.634
26 12150.1 1306.63
20 12152.1 1400.63
