18 4383.04 1039.58
16 5510.1 1292.08
15 6890.1 1487.08
15 6148.5 1467.08
15 6605.74 592.085
15 7140.74 304.585
16 7960.74 989.585
15 9405.62 1374.58
15 10228.4 1009.58
1 954.1 1974.17
5 1950 2035
3 3200 2030
3 3500 1930
3 3800 1830
4 4100 1730
3 3200 140
3 3500 240
3 3800 340
4 4100 440
3 4400 440
3 4400 1730
3 4800 1080
3 4700 1080
3 4600 1080
3 4500 1080
3 4400 1080
3 5058.33 1191.67
6 5316.98 1155.16
3 5576.67 1325
11 6330 135
4 5915.48 1431.95
3 6546.67 1443.33
10 6330 235
3 6600 558.049
5 6173.97 888.05
3 6235.97 978.05
10 7087.97 235
11 7087.97 135
3 6700 1800
3 6888.66 1450.05
12 6884.66 2098.05
12 7330.66 2100.05
6 7100.66 1856.05
11 7962.78 2047.22
9 7962.78 1950.56
3 8054.44 1500
3 7882.78 1500
3 7237.78 1262.22
3 7761.11 1500
3 7626.11 1500
3 8372.78 1363.89
3 8629.64 1262.22
3 8381.3 1130.56
3 8120 1020
3 7970 1020
3 7816.3 1020
3 8420 920
3 8720 820
3 8952.01 1022.36
6 9253.68 988.189
3 6213.14 1436.62
3 9466.68 1346.33
3 9786.68 770
3 9629.18 770
3 9486.68 770
12 10429.2 56.3255
12 10844.2 58.8255
12 9206.68 2098.83
3 10086.7 1358.83
3 10347.5 1523.83
3 10235.5 973.826
4 10540.5 516.326
6 10938 1483.83
3 10828 1891.33
3 9715.54 2030
4 10050.5 2030
3 7626.78 434.585
3 8306.78 172.085
4 8029.28 422.085
12 8585.22 2079.58
5 10897.9 544.585
3 10839.1 634.585
22 10938 1593.83
22 9459.18 1263.83
7 6500 2000
29 4918.54 160
29 9063.68 160
7 9009.18 2000
29 10624.2 160
23 8951.25 350.965
23 6726.66 1626.05
2 6365.61 852.662
2 6450.91 702.662
2 5419.86 662.662
2 5137.36 497.662
12 5317.43 72.6615
12 4847.43 2102.66
12 7895.32 65.1615
23 4230.78 322.685
